9 9
0 0 0 0 0 0 0 0 0
0 0 0 0 0 0 0 0 0
0 0 1 1 1 1 1 1 0
0 0 1 1 1 1 1 1 0
0 0 1 1 0 0 1 1 0
0 0 1 1 1 1 1 1 0
0 0 1 1 1 1 1 1 0
0 0 1 1 1 1 1 1 0
0 0 0 0 0 0 0 0 0

3:0:true:360:640:440:720:blue:0
3:2:true:360:0:440:80:blue:0
2:0:true:360:80:440:160:grey:0
W:0:true:240:520:559:559:grey:0
W:0:true:160:360:239:399:grey:0
W:0:true:560:360:639:399:grey:0
S:H:true:360:140:440:160:yellow:1
S:H:true:160:520:240:559:yellow:1
B:0:true:200:560:279:639:yellow:1
B:0:true:400:420:479:499:yellow:1
5:a:false:320:560:400:640:brown:0
5:d:false:440:560:520:640:brown:0

