9 9
0 0 0 0 0 0 0 0 0
0 0 0 0 0 0 0 0 0
0 0 1 1 1 1 1 1 0
0 0 1 1 1 1 1 1 0
0 0 1 1 1 1 1 1 0
0 0 1 1 1 1 1 1 0
0 0 1 1 1 1 1 1 0
0 0 1 1 1 1 1 1 0
0 0 0 0 0 0 0 0 0

3:7A:true:240:560:320:640:blue:0
3:7B:true:480:560:560:640:blue:0
3:7C:true:560:480:640:560:blue:0
3:7D:true:560:240:640:320:blue:0

B:0:true:480:400:560:480:cornflowerblue:70

S:V:true:380:480:400:560:orange:50
S:H:true:200:380:280:400:cornflowerblue:70
S:H:true:280:380:360:400:cornflowerblue:70

5:W:true:240:440:320:520:grey:0

9:0:false:380:200:400:360:grey:0

8:V:true:380:400:400:480:grey:0
8:V:true:380:560:400:640:grey:0
8:H:true:400:380:480:400:grey:0
8:H:true:480:380:560:400:grey:0
8:H:true:560:380:640:400:grey:0


W:0:true:160:380:200:400:grey:0
W:0:true:360:380:400:400:grey:0
W:0:true:160:160:240:180:grey:0
W:0:true:320:160:400:180:grey:0
W:0:true:380:160:400:200:grey:0
W:0:true:380:360:400:400:grey:0
