9 9
0 0 0 0 0 0 0 0 0
0 0 0 0 0 0 0 0 0
0 0 1 1 1 4 1 1 0
0 0 1 1 1 4 1 1 0
0 0 1 1 1 4 1 1 0
0 0 1 1 1 4 1 1 0
0 0 1 1 1 4 1 1 0
0 0 1 1 1 4 1 1 0
0 0 0 0 0 0 0 0 0

3:5A:true:560:160:640:240:blue:0
3:5B:true:160:480:240:560:blue:0
3:5C:true:160:240:240:320:blue:0
B:0:true:560:320:640:400:orange:50
5:aa:false:480:480:560:560:grey:0
5:dd:false:320:240:400:320:grey:0

7:0:true:260:480:340:560:DARKSLATEGREY:51
S:H:true:240:380:320:400:GRAY:51
8:H:true:160:380:240:400:GREY:0
8:H:true:320:380:400:400:GREY:0