9 9
0 0 0 0 0 0 0 0 0
0 0 0 0 0 0 0 0 0
0 0 0 0 0 0 0 0 0
0 0 1 1 1 1 1 0 0
0 0 1 1 1 1 1 0 0
0 0 1 1 1 1 1 0 0
0 0 1 1 1 1 1 0 0
0 0 1 1 1 1 1 0 0
0 0 0 0 0 0 0 0 0

3:4:true:240:160:320:240:grey:0
3:3:true:160:240:240:320:grey:0
3:1:true:320:560:400:640:grey:0
W:0:true:160:560:320:580:grey:0
W:0:true:400:560:560:580:grey:0
W:0:true:160:460:320:480:grey:0
W:0:true:400:460:560:480:grey:0
W:0:true:160:360:320:380:grey:0
W:0:true:400:360:560:380:grey:0
W:0:true:320:240:400:260:grey:0
W:0:true:300:440:320:500:grey:0
W:0:true:400:440:420:500:grey:0
W:0:true:320:340:340:380:grey:0
W:0:true:380:340:400:380:grey:0
W:0:true:320:240:340:280:grey:0
W:0:true:380:240:400:280:grey:0

6:1:true:300:380:320:440:grey:99
6:2:true:300:500:320:560:grey:99
6:3:true:400:380:420:440:grey:99
6:4:true:400:500:420:560:grey:99
