9 9
0 1 1 0 0 0 0 0 0 
0 1 1 0 0 0 0 0 0 
0 1 1 1 1 1 1 1 1 
0 1 1 0 0 0 0 0 0 
0 1 1 0 1 1 1 1 1 
0 1 1 0 1 1 1 1 1 
0 1 1 0 1 1 1 0 0 
0 1 1 0 1 1 1 0 0 
0 0 0 0 0 0 0 0 0 


3:4A:true:80:560:160:640:0x0000ffff:0
3:4B:true:320:560:400:640:0x0000ffff:0
S:V:false:320:160:400:240:0xffff00ff:41
S:V:false:500:160:520:240:0xffff00ff:41
S:V:true:500:320:520:400:0xffff00ff:41
S:V:true:500:400:520:480:0xffff00ff:41
S:V:true:500:480:520:560:0xffff00ff:41
S:V:true:500:560:520:640:0xffff00ff:41
B:0:true:600:160:680:240:0x008000ff:41
B:0:true:420:160:500:240:0xffff00ff:41
B:0:true:160:0:240:80:0x808080ff:42
5:w:false:160:160:240:240:0xa52a2aff:42
5:a:false:240:160:320:240:0xa52a2aff:42
5:d:false:340:160:420:240:0xa52a2aff:42
5:s:false:520:160:600:240:0xa52a2aff:42


