9 9
0 0 0 0 0 0 0 0 0
0 0 0 0 0 0 0 0 0
0 0 1 1 1 1 1 1 0
0 0 1 1 1 1 1 1 0
0 0 1 1 1 1 1 1 0
0 0 1 1 1 1 1 1 0
0 0 1 1 1 1 1 1 0
0 0 1 1 1 1 1 1 0
0 0 0 0 0 0 0 0 0

3:6A:true:560:480:640:560:blue:0
3:6B:true:560:320:640:400:blue:0
3:6C:true:480:160:560:240:blue:0
3:6D:true:240:160:320:240:blue:0


B:0:true:160:560:240:640:CORNFLOWERBLUE:60
B:0:true:160:160:240:240:YELLOW:61
B:0:true:400:320:480:400:PURPLE:62

S:V:true:480:320:500:400:CORNFLOWERBLUE:60
S:H:true:400:300:480:320:YELLOW:61
S:H:true:240:400:320:420:PURPLE:62

W:0:true:160:400:240:420:grey:0
W:0:true:320:400:400:420:grey:0


8:V:true:380:160:400:240:grey:0
8:V:true:380:240:400:320:grey:0
8:V:true:380:320:400:400:grey:0
8:H:true:480:300:560:320:grey:0
8:H:true:560:300:640:320:grey:0

8:H:true:400:400:480:420:grey:0
8:H:true:480:400:560:420:grey:0
8:H:true:560:400:640:420:grey:0
