9 9
0 0 0 0 0 0 0 0 0 
0 0 0 0 0 0 0 0 0 
0 0 1 1 1 1 1 1 0 
0 0 1 1 1 1 1 1 0 
0 0 1 1 1 1 1 1 0 
0 0 1 1 1 1 1 1 0 
0 0 1 1 1 1 1 1 0 
0 0 1 1 1 1 1 1 0 
0 0 0 0 0 0 0 0 0 


3:9A:true:160:240:240:320:0x0000ffff:0
3:9B:true:560:480:640:560:0x0000ffff:0
B:0:false:360:280:440:360:0x6495edff:90
S:H:true:400:460:480:480:0x6495edff:90
10:0:false:600:400:620:460:0x808080ff:90
10:0:false:600:320:620:400:0x808080ff:90
10:0:false:600:240:620:320:0x808080ff:90
P:0:false:200:180:620:240:0xd2b48cff:90
W:0:true:160:160:640:180:0x2f4f4fff:0
W:0:true:620:160:640:480:0x2f4f4fff:0
W:0:true:620:560:640:640:0x2f4f4fff:0
W:0:true:240:460:260:640:0x2f4f4fff:0
W:0:true:240:460:400:480:0x2f4f4fff:0
W:0:true:480:460:620:480:0x2f4f4fff:0


