9 9
0 0 0 0 0 0 0 0 0 
0 0 0 0 0 0 0 0 0 
0 0 1 1 1 4 1 1 0 
0 0 1 1 1 4 1 1 0 
0 0 1 1 1 4 1 1 0 
0 0 1 1 1 4 1 1 0 
0 0 1 1 1 4 1 1 0 
0 0 1 1 1 4 1 1 0 
0 0 0 0 0 0 0 0 0 


3:5A:true:560:160:640:240:0x0000ffff:0
3:5B:true:160:480:240:560:0x0000ffff:0
3:5C:true:160:240:240:320:0x0000ffff:0
B:0:true:560:320:640:400:0xffa500ff:50
5:aa:false:480:480:560:560:0x808080ff:0
5:dd:false:320:240:400:320:0x808080ff:0
7:0:true:260:480:340:560:0x2f4f4fff:51
S:H:true:240:380:320:400:0x808080ff:51
8:H:true:160:380:240:400:0x808080ff:0
8:H:true:320:380:400:400:0x808080ff:0


