9 9
0 0 0 0 0 0 0 0 0 
0 0 0 0 0 0 0 0 0 
0 0 1 1 1 1 1 1 0 
0 0 1 1 1 1 1 1 0 
0 0 1 1 1 1 1 1 0 
0 0 1 1 1 1 1 1 0 
0 0 1 1 1 1 1 1 0 
0 0 1 1 1 1 1 1 0 
0 0 0 0 0 0 0 0 0 


3:6A:true:560:480:640:560:0x0000ffff:0
3:6B:true:560:320:640:400:0x0000ffff:0
3:6C:true:480:160:560:240:0x0000ffff:0
3:6D:true:240:160:320:240:0x0000ffff:0
B:0:true:160:560:240:640:0x6495edff:60
B:0:true:160:160:240:240:0xffff00ff:61
B:0:true:400:320:480:400:0x800080ff:62
S:V:true:480:320:500:400:0x6495edff:60
S:H:true:400:300:480:320:0xffff00ff:61
S:H:true:240:400:320:420:0x800080ff:62
W:0:true:160:400:240:420:0x808080ff:0
W:0:true:320:400:400:420:0x808080ff:0
8:V:true:380:160:400:240:0x808080ff:0
8:V:true:380:240:400:320:0x808080ff:0
8:V:true:380:320:400:400:0x808080ff:0
8:H:true:480:300:560:320:0x808080ff:0
8:H:true:560:300:640:320:0x808080ff:0
8:H:true:400:400:480:420:0x808080ff:0
8:H:true:480:400:560:420:0x808080ff:0
8:H:true:560:400:640:420:0x808080ff:0


