9 9
0 0 0 0 0 0 0 0 0 
0 0 0 0 0 0 0 0 0 
0 0 1 1 1 1 1 1 0 
0 0 1 1 1 1 1 1 0 
0 0 1 1 1 1 1 1 0 
0 0 1 1 1 1 1 1 0 
0 0 1 1 1 1 1 1 0 
0 0 1 1 1 1 1 1 0 
0 0 0 0 0 0 0 0 0 


3:2C:true:240:80:319:160:0x808080ff:0
3:2B:true:160:160:239:239:0x808080ff:0
3:2A:true:360:560:439:639:0x808080ff:0
W:0:true:340:160:460:180:0x808080ff:0
W:0:true:340:180:360:200:0x808080ff:0
W:0:true:440:180:460:200:0x808080ff:0
S:V:true:340:200:360:280:0x6495edff:21
S:V:true:440:200:460:280:0x00ff00ff:22
S:H:true:360:280:440:300:0x800080ff:23
S:H:true:360:300:440:320:0xffff00ff:20
W:0:true:340:280:360:300:0x808080ff:0
W:0:true:440:280:460:300:0x808080ff:0
W:0:true:160:300:360:320:0x808080ff:0
W:0:true:440:300:640:320:0x808080ff:0
W:0:true:160:300:360:320:0x808080ff:0
W:0:true:440:300:640:320:0x808080ff:0
W:0:true:160:440:320:460:0x808080ff:0
W:0:true:480:440:640:460:0x808080ff:0
W:0:true:160:580:340:600:0x808080ff:0
W:0:true:460:580:640:600:0x808080ff:0
W:0:true:320:400:340:500:0x808080ff:0
W:0:true:460:400:480:500:0x808080ff:0
7:1:true:320:320:340:400:0x808080ff:29
7:2:false:460:320:480:400:0x808080ff:29
7:3:true:320:500:340:580:0x808080ff:29
7:4:true:460:500:480:580:0x808080ff:29
7:0:true:160:340:240:420:0xffff00ff:20
7:0:true:160:480:240:560:0x800080ff:23
7:0:true:240:480:320:560:0x00ff00ff:22
7:0:true:480:340:560:420:0x6495edff:21
7:0:true:560:340:640:420:0x800080ff:23
7:0:true:560:480:640:560:0xffff00ff:20


