9 9
0 0 0 0 0 0 0 0 0 
0 0 0 0 0 0 0 0 0 
0 0 1 1 1 1 1 1 0 
0 0 1 1 1 1 1 1 0 
0 0 1 1 1 1 1 1 0 
0 0 1 1 1 1 1 1 0 
0 0 1 1 1 1 1 1 0 
0 0 1 1 1 1 1 1 0 
0 0 0 0 0 0 0 0 0 


3:7A:true:240:560:320:640:0x0000ffff:0
3:7B:true:480:560:560:640:0x0000ffff:0
3:7C:true:560:480:640:560:0x0000ffff:0
3:7D:true:560:240:640:320:0x0000ffff:0
B:0:true:480:400:560:480:0x6495edff:70
S:V:true:380:480:400:560:0xffa500ff:50
S:H:true:200:380:280:400:0x6495edff:70
S:H:true:280:380:360:400:0x6495edff:70
5:ww:false:240:440:320:520:0x808080ff:0
5:ww:true:240:440:320:520:0x808080ff:0
9:0:true:380:200:400:360:0x808080ff:71
10:0:true:240:160:320:180:0x808080ff:71
8:V:true:380:400:400:480:0x808080ff:0
8:V:true:380:560:400:640:0x808080ff:0
8:H:true:400:380:480:400:0x808080ff:0
8:H:true:480:380:560:400:0x808080ff:0
8:H:true:560:380:640:400:0x808080ff:0
W:0:true:160:380:200:400:0x808080ff:0
W:0:true:360:380:400:400:0x808080ff:0
W:0:true:160:160:240:180:0x808080ff:0
W:0:true:320:160:400:180:0x808080ff:0
W:0:true:380:160:400:200:0x808080ff:0
W:0:true:380:360:400:400:0x808080ff:0


