9 9
0 0 0 0 0 0 0 0 0 
0 0 0 0 0 0 0 0 0 
0 0 1 1 1 1 1 1 0 
0 0 1 1 0 0 1 1 0 
0 0 1 1 0 0 1 1 0 
0 0 1 1 1 1 1 1 0 
0 0 1 1 1 1 1 1 0 
0 0 1 1 1 1 1 1 0 
0 0 0 0 0 0 0 0 0 


3:1A:false:360:640:440:720:0x0000ffff:0
3:1B:true:360:0:440:80:0x0000ffff:0
2:0:true:360:80:440:160:0x808080ff:0
W:0:true:240:520:559:559:0x808080ff:0
W:0:true:160:360:239:399:0x808080ff:0
W:0:true:560:360:639:399:0x808080ff:0
S:H:true:360:80:440:100:0x800080ff:1
B:0:true:240:420:320:500:0x800080ff:1
B:0:true:540:560:620:640:0x800080ff:1
S:H:true:360:100:440:120:0xffa500ff:2
B:0:true:480:420:560:500:0xffa500ff:2
S:H:true:240:380:320:400:0xffa500ff:2
S:H:true:480:380:560:400:0xffa500ff:2
B:0:true:200:200:280:280:0xffa500ff:2
S:H:false:560:540:640:560:0xffa500ff:2
S:H:true:360:120:440:140:0xffff00ff:3
S:H:true:160:540:240:560:0xffff00ff:3
B:0:true:200:560:280:640:0xffff00ff:3
B:0:true:400:420:480:500:0xffff00ff:3
S:H:true:360:140:440:161:0x0000ffff:4
S:V:false:320:160:340:240:0x0000ffff:4
S:V:true:480:160:500:240:0x0000ffff:4
S:H:true:240:360:320:380:0x0000ffff:4
S:H:false:480:360:560:380:0x0000ffff:4
B:0:true:320:420:400:500:0x0000ffff:4
B:0:true:520:200:600:280:0x0000ffff:4
5:a:false:320:560:400:640:0xa52a2aff:0
5:d:false:400:561:480:640:0xa52a2aff:0

ScrewDriver:480:200:7

